0.070 1
0.395 3
1.974 1
3.506 2
5.039 2
6.594 7
8.127 7
9.660 1
11.192 7
12.748 7
13.491 4
14.280 5
15.813 4
16.579 2
17.345 6
18.901 2
19.667 7
20.434 1
21.966 2
22.756 7
23.499 4
24.288 5
25.054 7
25.821 1
26.587 5
28.119 1
28.886 2
29.652 6
31.208 7
31.974 7
32.763 7
34.273 7
35.062 7
35.805 4
37.338 1
37.756 4
38.127 1
38.893 1
39.660 1
40.426 5
41.192 7
41.958 1
42.748 3
43.119 2
43.514 7
43.886 2
44.280 5
44.652 4
45.047 4
45.441 5
45.813 4
46.208 3
46.579 7
47.345 1
47.740 4
48.135 5
48.901 4
49.667 1
50.039 4
50.248 7
50.434 7
51.014 7
51.200 1
51.595 2
51.780 4
51.966 3
52.361 7
52.547 7
52.733 7
53.127 4
53.313 4
53.522 7
54.079 7
54.288 1
55.055 1
55.449 7
55.635 1
55.821 1
56.216 2
56.587 7
57.353 5
57.934 4
58.120 5
58.514 1
58.700 1
58.886 2
59.281 2
59.466 2
59.675 1
60.047 2
60.256 4
60.442 4
60.627 4
60.813 2
61.022 2
61.208 2
61.394 3
61.579 4
61.788 7
61.974 7
62.740 1
63.135 7
63.507 7
63.901 7
64.273 1
64.668 5
65.039 7
65.829 2
66.200 7
66.595 4
66.966 5
67.361 5
67.733 4
68.127 2
68.894 7
69.288 2
69.660 4
70.426 7
71.192 1
71.587 7
71.982 3
72.353 2
72.748 3
74.281 7
75.047 7
75.790 4
76.579 5
77.369 2
78.112 2
78.901 6
79.668 1
80.434 4
81.200 7
81.943 7
82.733 1
83.499 4
85.055 1
86.587 7
